DONT USE


fInitial = 0.4
tau1Initial = 1.9
tau2Initial = 1.2

Vals for NLL minimum:
------------------------------------------
F:	0.6582836625076203
Tau1:	2.378189948034307
Tau2:	1.1890567563443872

Errors NLL minimum:
------------------------------------------
F   :	 +0.005375000000000019	-0.005375000000000019	 mean:0.005375000000000019
Tau1:	 +0.012187499999998685	-0.012187499999998685	 mean:0.012187499999998685
Tau2:	+0.013437500000000657	-0.013281250000000577	 mean:0.013359375000000617
